Grh0 = 1 0 0 128 32
Grh1 = 2 0 0 128 32
Grh2 = 3 0 0 40 40
Grh3 = 4 0 0 128 128
Grh4 = 5 0 0 150 180
Grh5 = 6 0 0 150 180
Grh6 = 7 0 0 150 180
Grh7 = 8 0 0 149 181
Grh8 = 9 0 0 32 32
Grh9 = 10 0 0 150 180
Grh10 = 11 0 0 32 32
Grh11 = 12 0 0 150 180
Grh12 = 13 0 0 32 32
Grh13 = 14 0 0 150 180
Grh14 = 15 0 0 32 32
Grh15 = 16 0 0 32 32
Grh16 = 17 0 0 75 27
Grh17 = 18 0 0 32 32
Grh18 = 19 0 0 71 32
Grh19 = 20 0 0 128 128
Grh20 = 21 0 0 128 128
Grh21 = 22 0 0 128 128
Grh22 = 23 0 0 32 32
Grh23 = 24 0 0 32 32
Grh24 = 25 0 0 32 32
Grh25 = 26 0 0 150 180
Grh26 = 27 0 0 150 180
Grh27 = 28 0 0 32 32
Grh28 = 29 0 0 150 180
Grh29 = 30 0 0 32 32
Grh30 = 31 0 0 150 180
Grh31 = 32 0 0 32 32
Grh32 = 33 0 0 150 180
Grh33 = 34 0 0 32 32
Grh34 = 35 0 0 149 181
Grh35 = 36 0 0 32 32
Grh36 = 37 0 0 150 180
Grh37 = 38 0 0 32 32
Grh38 = 39 0 0 32 32
Grh39 = 40 0 0 150 180
Grh40 = 41 0 0 32 32
Grh41 = 42 0 0 150 180
Grh42 = 43 0 0 150 180
Grh43 = 44 0 0 150 180
Grh44 = 45 0 0 32 32
Grh45 = 46 0 0 150 180
Grh46 = 47 0 0 32 32
Grh47 = 48 0 0 150 180
Grh48 = 49 0 0 32 32
Grh49 = 50 0 0 128 128
Grh50 = 51 0 0 150 180
Grh51 = 52 0 0 32 32
Grh52 = 53 0 0 150 180
Grh53 = 54 0 0 32 32
Grh54 = 55 0 0 150 180
Grh55 = 56 0 0 32 32
Grh56 = 57 0 0 128 107
Grh57 = 58 0 0 150 180
Grh58 = 59 0 0 32 32
Grh59 = 60 0 0 150 180
Grh60 = 61 0 0 128 128
Grh61 = 62 0 0 32 32
Grh62 = 63 0 0 150 180
Grh63 = 64 0 0 32 32
Grh64 = 65 0 0 150 180
Grh65 = 66 0 0 32 32
Grh66 = 67 0 0 150 180
Grh67 = 68 0 0 32 32
Grh68 = 69 0 0 253 93
Grh69 = 70 0 0 150 180
Grh70 = 71 0 0 128 128
Grh71 = 72 0 0 32 32
Grh72 = 73 0 0 150 180
Grh73 = 74 0 0 32 32
Grh74 = 75 0 0 128 32
Grh75 = 76 0 0 150 180
Grh76 = 77 0 0 32 32
Grh77 = 78 0 0 150 180
Grh78 = 79 0 0 32 32
Grh79 = 80 0 0 150 180
Grh80 = 81 0 0 32 32
Grh81 = 82 0 0 128 128
Grh82 = 83 0 0 150 180
Grh83 = 84 0 0 32 32
Grh84 = 85 0 0 32 32
Grh85 = 86 0 0 150 180
Grh86 = 87 0 0 32 32
Grh87 = 88 0 0 68 16
Grh88 = 89 0 0 384 348
Grh89 = 90 0 0 384 348
Grh90 = 91 0 0 384 353
Grh91 = 92 0 0 384 353
Grh92 = 93 0 0 128 128
Grh93 = 94 0 0 384 360
Grh94 = 95 0 0 384 360
Grh95 = 96 0 0 128 128
Grh96 = 97 0 0 64 64
Grh97 = 98 0 0 128 128
Grh98 = 99 0 0 32 32
Grh99 = 100 0 0 43 43
Grh100 = 101 0 0 128 128
Grh101 = 102 0 0 128 128
Grh102 = 103 0 0 150 180
Grh103 = 104 0 0 128 128
Grh104 = 105 0 0 150 180
Grh105 = 106 0 0 150 180
Grh106 = 107 0 0 150 180
Grh107 = 108 0 0 150 180
Grh108 = 109 0 0 150 180
Grh109 = 110 0 0 150 180
Grh110 = 111 0 0 150 180
Grh111 = 112 0 0 150 180
Grh112 = 113 0 0 150 180
Grh113 = 114 0 0 150 180
Grh114 = 115 0 0 150 180
Grh115 = 116 0 0 150 180
Grh116 = 117 0 0 150 180
Grh117 = 118 0 0 150 180
Grh118 = 119 0 0 149 181
Grh119 = 120 0 0 150 180
Grh120 = 121 0 0 150 180
Grh121 = 122 0 0 32 32
Grh122 = 123 0 0 150 180
Grh123 = 124 0 0 32 32
Grh124 = 125 0 0 150 180
Grh125 = 126 0 0 32 32
Grh126 = 127 0 0 150 180
Grh127 = 128 0 0 32 32
Grh128 = 129 0 0 150 180
Grh129 = 130 0 0 128 128
Grh130 = 131 0 0 32 32
Grh131 = 132 0 0 32 32
Grh132 = 133 0 0 32 32
Grh133 = 134 0 0 32 32
Grh134 = 135 0 0 32 32
Grh135 = 136 0 0 32 32
Grh136 = 137 0 0 32 32
Grh137 = 138 0 0 32 32
Grh138 = 139 0 0 32 32
Grh139 = 140 0 0 32 32
Grh140 = 141 0 0 32 32
Grh141 = 142 0 0 32 32
Grh142 = 143 0 0 32 32
Grh143 = 144 0 0 32 32
Grh144 = 145 0 0 32 32
Grh145 = 146 0 0 32 32
Grh146 = 147 0 0 32 32
Grh147 = 148 0 0 128 128
Grh148 = 149 0 0 128 128
Grh149 = 150 0 0 342 400
Grh150 = 151 0 0 128 128
Grh151 = 152 0 0 342 397
Grh152 = 153 0 0 93 100
Grh153 = 154 0 0 96 32
Grh154 = 155 0 0 32 32
Grh155 = 156 0 0 96 32
Grh156 = 157 0 0 150 80
Grh157 = 158 0 0 200 170
Grh158 = 159 0 0 400 312
Grh159 = 160 0 0 400 340
Grh160 = 161 0 0 32 32
Grh161 = 162 0 0 32 32
Grh162 = 163 0 0 32 32
Grh163 = 164 0 0 32 32
Grh164 = 165 0 0 68 16
Grh165 = 166 0 0 68 16
Grh166 = 167 0 0 68 16
Grh167 = 168 0 0 68 16
Grh168 = 169 0 0 68 16
Grh169 = 170 0 0 68 16
Grh170 = 171 0 0 68 16
Grh171 = 172 0 0 68 16
Grh172 = 173 0 0 68 16
Grh173 = 174 0 0 68 16
Grh174 = 175 0 0 68 16
Grh175 = 176 0 0 68 16
Grh176 = 177 0 0 68 16
Grh177 = 178 0 0 68 16
Grh178 = 179 0 0 68 17
Grh179 = 180 0 0 68 16
Grh180 = 181 0 0 68 16
Grh181 = 182 0 0 68 16
Grh182 = 183 0 0 68 16
Grh183 = 184 0 0 68 16
Grh184 = 185 0 0 68 16
Grh185 = 186 0 0 68 16
Grh186 = 187 0 0 68 16
Grh187 = 188 0 0 68 16
Grh188 = 189 0 0 68 16
Grh189 = 190 0 0 68 16
Grh190 = 191 0 0 68 16
Grh191 = 192 0 0 68 16
Grh192 = 193 0 0 68 16
Grh193 = 194 0 0 68 16
Grh194 = 195 0 0 68 16
Grh195 = 196 0 0 68 16
Grh196 = 197 0 0 68 16
Grh197 = 198 0 0 68 16
Grh198 = 199 0 0 68 16
Grh199 = 200 0 0 68 16
Grh200 = 201 0 0 68 16
Grh201 = 202 0 0 68 16
Grh202 = 203 0 0 32 32
Grh203 = 204 0 0 150 180
Grh204 = 205 0 0 32 32
Grh205 = 206 0 0 150 180
Grh206 = 207 0 0 150 180
Grh207 = 208 0 0 150 180
Grh208 = 209 0 0 150 180
Grh209 = 210 0 0 70 35
Grh210 = 211 0 0 60 60
Grh211 = 212 0 0 100 50
Grh212 = 213 0 0 200 32
Grh213 = 214 0 0 45 37
Grh214 = 215 0 0 80 45
Grh215 = 216 0 0 50 50
Grh216 = 217 0 0 35 36
Grh217 = 218 0 0 32 32
Grh218 = 219 0 0 32 40
Grh219 = 220 0 0 40 40
Grh220 = 221 0 0 32 32
Grh221 = 222 0 0 45 30
Grh222 = 223 0 0 32 32
Grh223 = 224 0 0 32 32
Grh224 = 225 0 0 110 110
Grh225 = 226 0 0 34 65
Grh226 = 227 0 0 36 17
Grh227 = 228 0 0 32 32
Grh228 = 229 0 0 22 35
Grh229 = 230 0 0 18 40
Grh230 = 231 0 0 50 50
Grh231 = 232 0 0 20 50
Grh232 = 233 0 0 111 31
Grh233 = 234 0 0 100 50
Grh234 = 235 0 0 100 67
Grh235 = 236 0 0 100 62
Grh236 = 237 0 0 130 100
Grh237 = 238 0 0 65 65
Grh238 = 239 0 0 100 130
Grh239 = 240 0 0 40 50
Grh240 = 241 0 0 37 40
Grh241 = 242 0 0 40 40
Grh242 = 243 0 0 37 40
Grh243 = 244 0 0 55 40
Grh244 = 245 0 0 70 70
Grh245 = 246 0 0 50 90
Grh246 = 247 0 0 100 100
Grh247 = 248 0 0 27 55
Grh248 = 249 0 0 40 40
Grh249 = 250 0 0 30 30
Grh250 = 251 0 0 50 43
Grh251 = 252 0 0 37 35
Grh252 = 253 0 0 37 35
Grh253 = 254 0 0 32 50
Grh254 = 255 0 0 32 50
Grh255 = 256 0 0 32 50
Grh256 = 257 0 0 146 33
Grh257 = 258 0 0 128 128
Grh258 = 259 0 0 32 32
Grh259 = 260 0 0 32 32
Grh260 = 261 0 0 64 64
Grh261 = 262 0 0 32 32
Grh262 = 263 0 0 150 180
Grh263 = 264 0 0 32 32
Grh264 = 265 0 0 39 87
Grh265 = 266 0 0 150 180
Grh266 = 267 0 0 149 203
Grh267 = 268 0 0 135 212
Grh268 = 269 0 0 158 269
Grh269 = 270 0 0 103 415
Grh270 = 271 0 0 32 32
Grh271 = 272 0 0 32 32
Grh272 = 273 0 0 32 32
Grh273 = 274 0 0 32 32
Grh274 = 275 0 0 160 96
Grh275 = 276 0 0 70 42
Grh276 = 277 0 0 53 49
Grh277 = 278 0 0 70 38
Grh278 = 279 0 0 68 16
Grh279 = 280 0 0 209 107
Grh280 = 281 0 0 83 107
Grh281 = 282 0 0 350 63
Grh282 = 283 0 0 350 63
Grh283 = 284 0 0 24 100
Grh284 = 285 0 0 17 72
Grh285 = 286 0 0 125 91
Grh286 = 287 0 0 105 139
Grh287 = 288 0 0 70 60
Grh288 = 289 0 0 70 50
Grh289 = 290 0 0 92 43
Grh290 = 291 0 0 32 32
Grh291 = 292 0 0 192 64
Grh292 = 293 0 0 80 80
Grh293 = 294 0 0 388 330
Grh294 = 295 0 0 388 330
Grh295 = 296 0 0 150 180
Grh296 = 297 0 0 170 60
Grh297 = 298 0 0 170 60
Grh298 = 299 0 0 170 60
Grh299 = 300 0 0 170 60
Grh300 = 301 0 0 170 60
Grh301 = 302 0 0 128 128
Grh302 = 303 0 0 170 60
Grh303 = 304 0 0 170 60
Grh304 = 305 0 0 170 60
Grh305 = 306 0 0 60 170
Grh306 = 307 0 0 60 170
Grh307 = 308 0 0 60 170
Grh308 = 309 0 0 60 170
Grh309 = 310 0 0 60 170
Grh310 = 311 0 0 60 170
Grh311 = 312 0 0 60 170
Grh312 = 313 0 0 60 170
Grh313 = 314 0 0 128 128
Grh314 = 315 0 0 128 128
Grh315 = 316 0 0 128 128
Grh316 = 317 0 0 128 128
Grh317 = 318 0 0 128 128
Grh318 = 319 0 0 300 270
Grh319 = 320 0 0 204 204
Grh320 = 321 0 0 232 300
Grh321 = 322 0 0 121 300
Grh322 = 323 0 0 200 207
Grh323 = 324 0 0 267 300
Grh324 = 325 0 0 128 128
Grh325 = 326 0 0 80 64
Grh326 = 327 0 0 65 64
Grh327 = 328 0 0 128 128
Grh328 = 329 0 0 32 32
Grh329 = 330 0 0 128 128
Grh330 = 331 0 0 100 100
Grh331 = 332 0 0 512 128
Grh332 = 333 0 0 512 128
Grh333 = 334 0 0 128 128
Grh334 = 335 0 0 128 128
Grh335 = 336 0 0 128 128
Grh336 = 337 0 0 100 100
Grh337 = 338 0 0 128 128
Grh338 = 339 0 0 128 128
Grh339 = 340 0 0 128 128
Grh340 = 341 0 0 512 128
Grh341 = 342 0 0 128 128
Grh342 = 343 0 0 80 80
Grh343 = 344 0 0 256 384
Grh344 = 345 0 0 256 384
Grh345 = 346 0 0 276 197
Grh346 = 347 0 0 74 130
Grh347 = 348 0 0 290 197
Grh348 = 349 0 0 290 69
Grh349 = 350 0 0 276 68
Grh350 = 351 0 0 276 214
Grh351 = 352 0 0 290 214
Grh352 = 353 0 0 74 137
Grh353 = 354 0 0 70 54
Grh354 = 355 0 0 256 96
Grh355 = 356 0 0 256 160
Grh356 = 357 0 0 50 59
Grh357 = 358 0 0 116 65
Grh358 = 359 0 0 64 64
Grh359 = 360 0 0 256 185
Grh360 = 361 0 0 62 65
Grh361 = 362 0 0 82 40
Grh362 = 363 0 0 256 96
Grh363 = 364 0 0 256 160
Grh364 = 365 0 0 43 50
Grh365 = 366 0 0 100 50
Grh366 = 367 0 0 4 64
Grh367 = 368 0 0 256 186
Grh368 = 369 0 0 256 96
Grh369 = 370 0 0 33 45
Grh370 = 371 0 0 256 185
Grh371 = 372 0 0 26 100
Grh372 = 373 0 0 33 18
Grh373 = 374 0 0 33 18
Grh374 = 375 0 0 256 186
Grh375 = 376 0 0 256 96
Grh376 = 377 0 0 256 160
Grh377 = 378 0 0 26 100
Grh378 = 379 0 0 50 36
Grh379 = 380 0 0 50 43
Grh380 = 381 0 0 62 62
Grh381 = 382 0 0 40 50
Grh382 = 383 0 0 20 55
Grh383 = 384 0 0 256 184
Grh384 = 385 0 0 45 37
Grh385 = 386 0 0 300 96
Grh386 = 387 0 0 300 160
Grh387 = 388 0 0 33 45
Grh388 = 389 0 0 40 76
Grh389 = 390 0 0 100 77
Grh390 = 391 0 0 40 40
Grh391 = 392 0 0 300 180
Grh392 = 393 0 0 70 80
Grh393 = 394 0 0 256 96
Grh394 = 395 0 0 256 195
Grh395 = 396 0 0 150 75
Grh396 = 397 0 0 64 64
Grh397 = 398 0 0 256 214
Grh398 = 399 0 0 30 42
Grh399 = 400 0 0 34 40
Grh400 = 401 0 0 34 40
Grh401 = 402 0 0 34 30
Grh402 = 403 0 0 34 23
Grh403 = 404 0 0 500 96
Grh404 = 405 0 0 500 160
Grh405 = 406 0 0 150 80
Grh406 = 407 0 0 64 64
Grh407 = 408 0 0 256 187
Grh408 = 409 0 0 70 59
Grh409 = 410 0 0 110 27
Grh410 = 411 0 0 256 159
Grh411 = 412 0 0 204 81
Grh412 = 413 0 0 256 96
Grh413 = 414 0 0 64 64
Grh414 = 415 0 0 60 60
Grh415 = 416 0 0 40 60
Grh416 = 417 0 0 40 60
Grh417 = 418 0 0 256 209
Grh418 = 419 0 0 40 30
Grh419 = 420 0 0 588 304
Grh420 = 421 0 0 160 96
Grh421 = 422 0 0 70 42
Grh422 = 423 0 0 53 49
Grh423 = 424 0 0 71 58
Grh424 = 425 0 0 64 64
Grh425 = 426 0 0 64 64
Grh426 = 427 0 0 20 34
Grh427 = 428 0 0 256 96
Grh428 = 429 0 0 128 128
Grh429 = 430 0 0 256 160
Grh430 = 431 0 0 64 64
Grh431 = 432 0 0 256 196
Grh432 = 433 0 0 128 128
Grh433 = 434 0 0 150 180
Grh434 = 435 0 0 32 32
Grh435 = 436 0 0 128 128
Grh436 = 437 0 0 128 128
Grh437 = 438 0 0 228 224
Grh438 = 439 0 0 128 128
Grh439 = 440 0 0 312 324
Grh440 = 441 0 0 312 324
Grh441 = 442 0 0 128 128
Grh442 = 443 0 0 480 256
Grh443 = 444 0 0 480 192
Grh444 = 445 0 0 490 340
Grh445 = 446 0 0 320 128
Grh446 = 447 0 0 128 128
Grh447 = 448 0 0 399 192
Grh448 = 449 0 0 760 330
Grh449 = 450 0 0 198 132
Grh450 = 451 0 0 128 128
Grh451 = 452 0 0 128 128
Grh452 = 453 0 0 128 128
Grh453 = 454 0 0 128 128
Grh454 = 455 0 0 128 128
Grh455 = 456 0 0 128 128
Grh456 = 457 0 0 128 128
Grh457 = 458 0 0 128 128
Grh458 = 459 0 0 128 128
Grh459 = 460 0 0 128 128
Grh460 = 461 0 0 231 132
Grh461 = 462 0 0 128 128
Grh462 = 463 0 0 150 180
Grh463 = 464 0 0 150 180
Grh464 = 465 0 0 150 180
Grh465 = 466 0 0 68 16
Grh466 = 467 0 0 68 16
Grh467 = 468 0 0 128 128
Grh468 = 469 0 0 128 128
Grh469 = 470 0 0 445 240
Grh470 = 471 0 0 150 200
Grh471 = 472 0 0 128 128
Grh472 = 473 0 0 128 128
Grh473 = 474 0 0 512 128
Grh474 = 475 0 0 512 128
Grh475 = 476 0 0 512 128
Grh476 = 477 0 0 128 128
Grh477 = 478 0 0 512 128
Grh478 = 479 0 0 109 70
Grh479 = 480 0 0 800 340
Grh480 = 481 0 0 128 128
Grh481 = 482 0 0 150 280
Grh482 = 483 0 0 128 128
Grh483 = 484 0 0 128 128
Grh484 = 485 0 0 128 128
Grh485 = 486 0 0 128 128
Grh486 = 487 0 0 128 128
Grh487 = 488 0 0 180 210
Grh488 = 489 0 0 128 128
Grh489 = 490 0 0 128 128
Grh490 = 491 0 0 128 128
Grh491 = 492 0 0 128 128
Grh492 = 493 0 0 128 128
Grh493 = 494 0 0 128 128
Grh494 = 495 0 0 128 128
Grh495 = 496 0 0 128 128
Grh496 = 497 0 0 128 128
Grh497 = 498 0 0 512 512
Grh498 = 500 0 0 150 180
Grh499 = 501 0 0 32 32
Grh500 = 502 0 0 32 32
Grh501 = 503 0 0 150 180
Grh502 = 504 0 0 300 81
Grh503 = 505 0 0 140 55
Grh504 = 506 0 0 75 724
Grh505 = 507 0 0 130 145
Grh506 = 508 0 0 300 300
Grh507 = 509 0 0 32 32
Grh508 = 511 0 0 300 500
Grh509 = 512 0 0 150 180
Grh510 = 513 0 0 32 32
Grh511 = 514 0 0 120 222
Grh512 = 515 0 0 145 145
Grh513 = 516 0 0 145 145
Grh514 = 517 0 0 145 145
Grh515 = 518 0 0 145 145
Grh516 = 519 0 0 145 145
Grh517 = 520 0 0 145 145
Grh518 = 522 0 0 145 145
Grh519 = 523 0 0 145 145
Grh520 = 524 0 0 145 145
Grh521 = 525 0 0 145 145
Grh522 = 526 0 0 145 145
Grh523 = 527 0 0 145 145
Grh524 = 528 0 0 145 145
Grh525 = 529 0 0 145 145
Grh526 = 530 0 0 145 145
Grh527 = 531 0 0 145 145
Grh528 = 532 0 0 96 32
Grh529 = 534 0 0 68 16
Grh530 = 535 0 0 480 256
Grh531 = 536 0 0 512 512
Grh532 = 537 0 0 512 512
Grh533 = 538 0 0 512 512
Grh534 = 539 0 0 512 512
Grh535 = 540 0 0 512 512
Grh536 = 541 0 0 512 512
Grh537 = 542 0 0 512 512
Grh538 = 543 0 0 512 512
Grh539 = 544 0 0 512 512
Grh540 = 545 0 0 68 16
Grh541 = 546 0 0 68 16
Grh542 = 547 0 0 68 16
Grh543 = 548 0 0 68 16
Grh544 = 549 0 0 352 64
Grh545 = 550 0 0 68 18
Grh546 = 551 0 0 68 16
Grh547 = 552 0 0 68 16
Grh548 = 553 0 0 68 16
Grh549 = 554 0 0 68 16
Grh550 = 555 0 0 68 16
Grh551 = 556 0 0 68 16
Grh552 = 557 0 0 68 16
Grh553 = 558 0 0 68 16
Grh554 = 559 0 0 68 16
Grh555 = 560 0 0 68 16
Grh556 = 561 0 0 68 16
Grh557 = 562 0 0 68 16
Grh558 = 563 0 0 68 16
Grh559 = 564 0 0 68 16
Grh560 = 565 0 0 64 32
Grh561 = 566 0 0 64 16
Grh562 = 567 0 0 64 16
Grh563 = 568 0 0 68 16
Grh564 = 569 0 0 64 16
Grh565 = 570 0 0 64 16
Grh566 = 571 0 0 68 16
Grh567 = 572 0 0 68 16
Grh568 = 573 0 0 68 16
Grh569 = 574 0 0 640 640
Grh570 = 575 0 0 68 16
Grh571 = 576 0 0 68 16
Grh572 = 577 0 0 68 16
Grh573 = 578 0 0 68 16
Grh574 = 579 0 0 68 16
Grh575 = 580 0 0 68 16
Grh576 = 581 0 0 68 16
Grh577 = 582 0 0 68 16
Grh578 = 583 0 0 68 16
Grh579 = 584 0 0 64 32
Grh580 = 585 0 0 68 16
Grh581 = 586 0 0 68 16
Grh582 = 587 0 0 68 16
Grh583 = 588 0 0 68 16
Grh584 = 589 0 0 68 16
Grh585 = 590 0 0 68 16
Grh586 = 591 0 0 68 16
Grh587 = 592 0 0 68 16
Grh588 = 593 0 0 68 16
Grh589 = 594 0 0 68 16
Grh590 = 595 0 0 68 16
Grh591 = 596 0 0 68 16
Grh592 = 597 0 0 68 16
Grh593 = 598 0 0 64 32
Grh594 = 599 0 0 68 16
Grh595 = 600 0 0 68 16
Grh596 = 601 0 0 68 16
Grh597 = 602 0 0 68 16
Grh598 = 603 0 0 68 16
Grh599 = 604 0 0 68 16
Grh600 = 605 0 0 68 16
Grh601 = 606 0 0 68 16
Grh602 = 607 0 0 68 16
Grh603 = 608 0 0 68 16
Grh604 = 609 0 0 68 16
Grh605 = 610 0 0 68 16
Grh606 = 611 0 0 64 32
Grh607 = 612 0 0 68 16
Grh608 = 613 0 0 68 16
Grh609 = 620 0 0 128 128
Grh610 = 621 0 0 128 128
Grh611 = 622 0 0 76 68
Grh612 = 623 0 0 128 128
Grh613 = 624 0 0 128 128
Grh614 = 630 0 0 128 128
Grh615 = 631 0 0 128 188
Grh616 = 633 0 0 45 100
Grh617 = 636 0 0 32 32
Grh618 = 637 0 0 150 180
Grh619 = 638 0 0 32 32
Grh620 = 639 0 0 150 180
Grh621 = 640 0 0 32 32
Grh622 = 641 0 0 150 180
Grh623 = 642 0 0 32 32
Grh624 = 643 0 0 150 180
Grh625 = 644 0 0 32 49
Grh626 = 645 0 0 32 32
Grh627 = 646 0 0 150 181
Grh628 = 647 0 0 32 32
Grh629 = 648 0 0 150 180
Grh630 = 649 0 0 231 260
Grh631 = 650 0 0 150 180
Grh632 = 651 0 0 160 146
Grh633 = 652 0 0 150 180
Grh634 = 653 0 0 32 32
Grh635 = 654 0 0 150 180
Grh636 = 655 0 0 41 54
Grh637 = 656 0 0 32 32
Grh638 = 657 0 0 150 180
Grh639 = 658 0 0 32 32
Grh640 = 659 0 0 150 180
Grh641 = 660 0 0 32 32
Grh642 = 661 0 0 150 180
Grh643 = 662 0 0 32 32
Grh644 = 663 0 0 150 180
Grh645 = 664 0 0 32 32
Grh646 = 665 0 0 150 180
Grh647 = 666 0 0 66 71
Grh648 = 667 0 0 32 32
Grh649 = 668 0 0 150 180
Grh650 = 669 0 0 32 32
Grh651 = 670 0 0 342 396
Grh652 = 671 0 0 78 128
Grh653 = 672 0 0 93 97
Grh654 = 673 0 0 150 180
Grh655 = 674 0 0 150 180
Grh656 = 675 0 0 150 180
Grh657 = 676 0 0 192 157
Grh658 = 677 0 0 32 32
Grh659 = 678 0 0 150 180
Grh660 = 679 0 0 400 340
Grh661 = 680 0 0 400 340
Grh662 = 681 0 0 400 340
Grh663 = 682 0 0 87 128
Grh664 = 683 0 0 67 105
Grh665 = 684 0 0 297 197
Grh666 = 685 0 0 150 180
Grh667 = 686 0 0 32 32
Grh668 = 687 0 0 150 208
Grh669 = 688 0 0 150 208
Grh670 = 689 0 0 93 100
Grh671 = 690 0 0 189 125
Grh672 = 691 0 0 32 32
Grh673 = 692 0 0 224 204
Grh674 = 693 0 0 190 189
Grh675 = 694 0 0 103 48
Grh676 = 695 0 0 73 189
Grh677 = 696 0 0 72 189
Grh678 = 697 0 0 192 189
Grh679 = 698 0 0 32 32
Grh680 = 699 0 0 32 32
Grh681 = 700 0 0 32 32
Grh682 = 701 0 0 32 32
Grh683 = 702 0 0 222 76
Grh684 = 703 0 0 150 180
Grh685 = 704 0 0 150 180
Grh686 = 705 0 0 150 180
Grh687 = 706 0 0 150 180
Grh688 = 707 0 0 150 180
Grh689 = 708 0 0 150 180
Grh690 = 709 0 0 150 180
Grh691 = 710 0 0 150 180
Grh692 = 711 0 0 149 181
Grh693 = 712 0 0 76 181
Grh694 = 713 0 0 150 180
Grh695 = 714 0 0 150 180
Grh696 = 715 0 0 174 181
Grh697 = 716 0 0 150 180
Grh698 = 717 0 0 150 180
Grh699 = 718 0 0 150 180
Grh700 = 719 0 0 597 197
Grh701 = 720 0 0 213 140
Grh702 = 721 0 0 150 180
Grh703 = 722 0 0 473 197
Grh704 = 723 0 0 150 180
Grh705 = 724 0 0 44 50
Grh706 = 725 0 0 150 180
Grh707 = 726 0 0 150 180
Grh708 = 727 0 0 150 180
Grh709 = 728 0 0 150 180
Grh710 = 729 0 0 150 180
Grh711 = 730 0 0 150 180
Grh712 = 731 0 0 117 77
Grh713 = 732 0 0 150 180
Grh714 = 733 0 0 150 180
Grh715 = 734 0 0 150 180
Grh716 = 735 0 0 61 75
Grh717 = 736 0 0 150 180
Grh718 = 737 0 0 150 180
Grh719 = 738 0 0 150 180
Grh720 = 739 0 0 150 180
Grh721 = 740 0 0 150 180
Grh722 = 741 0 0 67 105
Grh723 = 742 0 0 67 105
Grh724 = 743 0 0 190 189
Grh725 = 744 0 0 94 97
Grh726 = 745 0 0 94 97
Grh727 = 746 0 0 61 75
Grh728 = 747 0 0 192 128
Grh729 = 748 0 0 192 128
Grh730 = 749 0 0 192 128
Grh731 = 750 0 0 192 128
Grh732 = 751 0 0 280 212
Grh733 = 752 0 0 256 128
Grh734 = 753 0 0 256 128
Grh735 = 754 0 0 256 128
Grh736 = 755 0 0 256 128
Grh737 = 756 0 0 192 138
Grh738 = 757 0 0 325 264
Grh739 = 758 0 0 192 136
Grh740 = 759 0 0 196 128
Grh741 = 760 0 0 128 256
Grh742 = 761 0 0 400 300
Grh743 = 762 0 0 359 504
Grh744 = 763 0 0 128 128
Grh745 = 764 0 0 218 128
Grh746 = 765 0 0 600 54
Grh747 = 766 0 0 128 128
Grh748 = 767 0 0 32 32
Grh749 = 768 0 0 150 180
Grh750 = 769 0 0 264 404
Grh751 = 770 0 0 32 32
Grh752 = 771 0 0 32 32
Grh753 = 772 0 0 32 32
Grh754 = 773 0 0 150 180
Grh755 = 774 0 0 150 180
Grh756 = 775 0 0 150 180
Grh757 = 776 0 0 150 180
Grh758 = 777 0 0 150 180
Grh759 = 778 0 0 189 125
Grh760 = 779 0 0 64 64
Grh761 = 780 0 0 342 397
Grh762 = 781 0 0 68 16
Grh763 = 782 0 0 68 16
Grh764 = 783 0 0 68 16
Grh765 = 784 0 0 150 180
Grh766 = 785 0 0 150 180
Grh767 = 786 0 0 150 180
Grh768 = 787 0 0 150 180
Grh769 = 788 0 0 150 180
Grh770 = 789 0 0 1119 944
Grh771 = 790 0 0 1119 944
Grh772 = 791 0 0 855 928
Grh773 = 792 0 0 864 1128
Grh774 = 793 0 0 54 43
Grh775 = 794 0 0 539 300
Grh776 = 795 0 0 384 324
Grh777 = 796 0 0 388 330
Grh778 = 797 0 0 388 330
Grh779 = 798 0 0 388 330
Grh780 = 799 0 0 145 145
Grh781 = 800 0 0 145 145
Grh782 = 801 0 0 145 145
Grh783 = 802 0 0 145 145
Grh784 = 803 0 0 145 145
Grh785 = 804 0 0 68 16
Grh786 = 805 0 0 51 43
Grh787 = 806 0 0 32 32
Grh788 = 807 0 0 32 32
Grh789 = 808 0 0 32 32
Grh790 = 809 0 0 32 32
Grh791 = 810 0 0 32 32
Grh792 = 811 0 0 120 15
Grh793 = 812 0 0 160 67
Grh794 = 813 0 0 160 55
Grh795 = 814 0 0 415 45
Grh796 = 815 0 0 415 45
Grh797 = 816 0 0 53 48
Grh798 = 817 0 0 440 50
Grh799 = 818 0 0 440 50
Grh800 = 819 0 0 440 50
Grh801 = 820 0 0 440 50
Grh802 = 821 0 0 186 192
Grh803 = 822 0 0 68 16
Grh804 = 823 0 0 298 154
Grh805 = 824 0 0 298 154
Grh806 = 825 0 0 298 154
Grh807 = 826 0 0 298 154
Grh808 = 827 0 0 47 46
Grh809 = 828 0 0 256 194
Grh810 = 829 0 0 186 182
Grh811 = 830 0 0 152 221
Grh812 = 831 0 0 104 179
Grh813 = 832 0 0 150 180
Grh814 = 833 0 0 150 180
Grh815 = 834 0 0 150 180
Grh816 = 835 0 0 150 180
Grh817 = 836 0 0 150 180
Grh818 = 837 0 0 210 220
Grh819 = 838 0 0 150 180
Grh820 = 839 0 0 68 16
Grh821 = 840 0 0 256 295
Grh822 = 841 0 0 32 32
Grh823 = 842 0 0 32 32
Grh824 = 843 0 0 248 85
Grh825 = 844 0 0 218 266
Grh826 = 845 0 0 32 32
Grh827 = 846 0 0 5 123
Grh828 = 847 0 0 5 124
Grh829 = 848 0 0 32 32
Grh830 = 849 0 0 32 32
Grh831 = 850 0 0 150 180
Grh832 = 851 0 0 32 32
Grh833 = 852 0 0 150 180
Grh834 = 853 0 0 32 32
Grh835 = 854 0 0 150 180
Grh836 = 855 0 0 32 32
Grh837 = 856 0 0 150 180
Grh838 = 857 0 0 32 32
Grh839 = 858 0 0 150 180
Grh840 = 859 0 0 32 32
Grh841 = 860 0 0 150 180
Grh842 = 861 0 0 150 180
Grh843 = 862 0 0 32 32
Grh844 = 863 0 0 150 180
Grh845 = 864 0 0 32 32
Grh846 = 865 0 0 150 180
Grh847 = 866 0 0 32 32
Grh848 = 867 0 0 150 180
Grh849 = 868 0 0 32 32
Grh850 = 869 0 0 150 180
Grh851 = 870 0 0 32 32
Grh852 = 871 0 0 32 32
Grh853 = 872 0 0 150 180
Grh854 = 873 0 0 32 32
Grh855 = 874 0 0 150 180
Grh856 = 875 0 0 32 32
Grh857 = 876 0 0 150 180
Grh858 = 877 0 0 32 32
Grh859 = 878 0 0 150 180
Grh860 = 879 0 0 32 32
Grh861 = 880 0 0 151 180
Grh862 = 881 0 0 32 32
Grh863 = 882 0 0 35 35
Grh864 = 883 0 0 150 180
Grh865 = 884 0 0 32 32
Grh866 = 885 0 0 150 180
Grh867 = 886 0 0 32 32
Grh868 = 887 0 0 150 180
Grh869 = 888 0 0 32 32
Grh870 = 889 0 0 150 180
Grh871 = 890 0 0 32 32
Grh872 = 891 0 0 150 180
Grh873 = 892 0 0 32 32
Grh874 = 893 0 0 35 35
Grh875 = 894 0 0 150 180
Grh876 = 895 0 0 32 32
Grh877 = 896 0 0 150 180
Grh878 = 897 0 0 32 32
Grh879 = 898 0 0 150 180
Grh880 = 899 0 0 32 32
Grh881 = 900 0 0 150 180
Grh882 = 901 0 0 32 32
Grh883 = 902 0 0 150 180
Grh884 = 903 0 0 32 32
Grh885 = 904 0 0 35 35
Grh886 = 905 0 0 150 180
Grh887 = 906 0 0 32 32
Grh888 = 907 0 0 150 180
Grh889 = 908 0 0 32 32
Grh890 = 909 0 0 150 180
Grh891 = 910 0 0 32 32
Grh892 = 911 0 0 150 180
Grh893 = 912 0 0 32 32
Grh894 = 913 0 0 150 180
Grh895 = 914 0 0 32 32
Grh896 = 915 0 0 32 32
Grh897 = 916 0 0 80 51
Grh898 = 917 0 0 64 32
Grh899 = 918 0 0 320 240
Grh900 = 919 0 0 32 32
Grh901 = 920 0 0 32 32
Grh902 = 921 0 0 32 32
Grh903 = 922 0 0 32 32
Grh904 = 923 0 0 32 32
Grh905 = 924 0 0 32 32
Grh906 = 925 0 0 32 32
Grh907 = 926 0 0 32 32
Grh908 = 927 0 0 32 35
Grh909 = 928 0 0 32 32
Grh910 = 929 0 0 64 32
Grh911 = 930 0 0 32 32
Grh912 = 931 0 0 314 234
Grh913 = 932 0 0 32 32
Grh914 = 933 0 0 32 32
Grh915 = 934 0 0 32 32
Grh916 = 935 0 0 32 32
Grh917 = 936 0 0 32 32
Grh918 = 937 0 0 32 32
Grh919 = 938 0 0 32 32
Grh920 = 939 0 0 32 32
Grh921 = 940 0 0 32 32
Grh922 = 941 0 0 32 32
Grh923 = 942 0 0 64 128
Grh924 = 943 0 0 64 104
Grh925 = 944 0 0 42 49
Grh926 = 945 0 0 160 128
Grh927 = 946 0 0 64 32
Grh928 = 947 0 0 64 32
Grh929 = 948 0 0 32 32
Grh930 = 949 0 0 32 32
Grh931 = 950 0 0 32 32
Grh932 = 951 0 0 32 32
Grh933 = 952 0 0 32 32
Grh934 = 953 0 0 32 32
Grh935 = 954 0 0 32 32
Grh936 = 955 0 0 32 32
Grh937 = 956 0 0 32 32
Grh938 = 957 0 0 32 32
Grh939 = 958 0 0 32 32
Grh940 = 959 0 0 32 32
Grh941 = 960 0 0 32 32
Grh942 = 961 0 0 32 32
Grh943 = 962 0 0 32 32
Grh944 = 963 0 0 32 32
Grh945 = 964 0 0 32 32
Grh946 = 965 0 0 32 32
Grh947 = 966 0 0 32 32
Grh948 = 967 0 0 32 32
Grh949 = 968 0 0 160 128
Grh950 = 969 0 0 32 160
Grh951 = 970 0 0 256 256
Grh952 = 971 0 0 234 256
Grh953 = 972 0 0 128 128
Grh954 = 973 0 0 256 32
Grh955 = 974 0 0 256 96
Grh956 = 975 0 0 256 160
Grh957 = 976 0 0 64 64
Grh958 = 977 0 0 192 64
Grh959 = 978 0 0 256 320
Grh960 = 979 0 0 320 284
Grh961 = 980 0 0 320 96
Grh962 = 981 0 0 320 224
Grh963 = 982 0 0 192 64
Grh964 = 983 0 0 128 128
Grh965 = 984 0 0 320 284
Grh966 = 985 0 0 256 300
Grh967 = 986 0 0 320 384
Grh968 = 987 0 0 320 160
Grh969 = 988 0 0 352 416
Grh970 = 989 0 0 384 480
Grh971 = 990 0 0 93 32
Grh972 = 991 0 0 64 288
Grh973 = 992 0 0 38 512
Grh974 = 993 0 0 128 175
Grh975 = 994 0 0 128 128
Grh976 = 995 0 0 256 160
Grh977 = 996 0 0 256 160
Grh978 = 997 0 0 256 196
Grh979 = 998 0 0 128 64
Grh980 = 999 0 0 256 96
Grh981 = 1000 0 0 96 96
Grh982 = 1001 0 0 96 96
Grh983 = 1002 0 0 256 188
Grh984 = 1003 0 0 64 64
Grh985 = 1004 0 0 50 42
Grh986 = 1005 0 0 110 30
Grh987 = 1006 0 0 204 81
Grh988 = 1007 0 0 60 54
Grh989 = 1008 0 0 40 30
Grh990 = 1009 0 0 32 160
Grh991 = 1010 0 0 256 188
Grh992 = 1011 0 0 256 160
Grh993 = 1012 0 0 256 96
Grh994 = 1013 0 0 35 32
Grh995 = 1014 0 0 35 32
Grh996 = 1015 0 0 385 35
Grh997 = 1016 0 0 75 75
Grh998 = 1017 0 0 35 30
Grh999 = 1018 0 0 45 37
Grh1000 = 1019 0 0 160 128
Grh1001 = 1020 0 0 512 256
Grh1002 = 1021 0 0 256 64
Grh1003 = 1022 0 0 128 128
Grh1004 = 1023 0 0 500 400
Grh1005 = 1024 0 0 32 32
Grh1006 = 1025 0 0 512 128
Grh1007 = 1026 0 0 512 128
Grh1008 = 1027 0 0 512 128
Grh1009 = 1028 0 0 64 192
Grh1010 = 1029 0 0 139 123
Grh1011 = 1030 0 0 139 123
Grh1012 = 1031 0 0 61 126
Grh1013 = 1032 0 0 64 32
Grh1014 = 1033 0 0 64 32
Grh1015 = 1034 0 0 64 32
Grh1016 = 1035 0 0 68 16
Grh1017 = 1036 0 0 32 32
Grh1018 = 1037 0 0 64 32
Grh1019 = 1038 0 0 64 32
Grh1020 = 1039 0 0 32 32
Grh1021 = 1040 0 0 32 32
Grh1022 = 1041 0 0 32 32
Grh1023 = 1042 0 0 32 32
Grh1024 = 1043 0 0 32 32
Grh1025 = 1044 0 0 32 32
Grh1026 = 1045 0 0 32 32
Grh1027 = 1046 0 0 68 16
Grh1028 = 1047 0 0 32 32
Grh1029 = 1048 0 0 32 32
Grh1030 = 1049 0 0 32 32
Grh1031 = 1050 0 0 64 32
Grh1032 = 1051 0 0 64 32
Grh1033 = 1052 0 0 64 32
Grh1034 = 1053 0 0 32 32
Grh1035 = 1054 0 0 64 32
Grh1036 = 1055 0 0 32 32
Grh1037 = 1056 0 0 32 32
Grh1038 = 1057 0 0 68 16
Grh1039 = 1058 0 0 32 32
Grh1040 = 1059 0 0 32 32
Grh1041 = 1060 0 0 32 32
Grh1042 = 1061 0 0 32 32
Grh1043 = 1062 0 0 32 32
Grh1044 = 1063 0 0 32 32
Grh1045 = 1064 0 0 32 32
Grh1046 = 1065 0 0 32 32
Grh1047 = 1066 0 0 32 32
Grh1048 = 1067 0 0 32 32
Grh1049 = 1068 0 0 68 16
Grh1050 = 1069 0 0 32 32
Grh1051 = 1070 0 0 32 32
Grh1052 = 1071 0 0 32 32
Grh1053 = 1072 0 0 32 32
Grh1054 = 1073 0 0 32 32
Grh1055 = 1074 0 0 32 32
Grh1056 = 1075 0 0 32 32
Grh1057 = 1076 0 0 32 32
Grh1058 = 1077 0 0 212 140
Grh1059 = 1078 0 0 32 32
Grh1060 = 1079 0 0 32 32
Grh1061 = 1080 0 0 68 16
Grh1062 = 1081 0 0 32 32
Grh1063 = 1082 0 0 512 128
Grh1064 = 1083 0 0 512 128
Grh1065 = 1084 0 0 512 128
Grh1066 = 1085 0 0 512 128
Grh1067 = 1086 0 0 512 128
Grh1068 = 1087 0 0 384 128
Grh1069 = 1088 0 0 384 128
Grh1070 = 1089 0 0 512 128
Grh1071 = 1090 0 0 512 128
Grh1072 = 1091 0 0 128 128
Grh1073 = 1092 0 0 32 32
Grh1074 = 1093 0 0 128 128
Grh1075 = 1094 0 0 384 128
Grh1076 = 1095 0 0 128 128
Grh1077 = 1096 0 0 512 128
Grh1078 = 1097 0 0 512 128
Grh1079 = 1098 0 0 128 128
Grh1080 = 1099 0 0 512 128
Grh1081 = 1100 0 0 512 128
Grh1082 = 1101 0 0 32 32
Grh1083 = 1102 0 0 512 128
Grh1084 = 1103 0 0 128 128
Grh1085 = 1104 0 0 32 32
Grh1086 = 1105 0 0 32 32
Grh1087 = 1106 0 0 32 32
Grh1088 = 1107 0 0 32 32
Grh1089 = 1108 0 0 192 192
Grh1090 = 1109 0 0 32 32
Grh1091 = 1110 0 0 32 32
Grh1092 = 1111 0 0 68 16
Grh1093 = 1112 0 0 32 32
Grh1094 = 1113 0 0 32 32
Grh1095 = 1114 0 0 32 32
Grh1096 = 1115 0 0 32 32
Grh1097 = 1116 0 0 32 32
Grh1098 = 1117 0 0 32 32
Grh1099 = 1118 0 0 32 32
Grh1100 = 1119 0 0 32 32
Grh1101 = 1120 0 0 64 32
Grh1102 = 1121 0 0 64 32
Grh1103 = 1122 0 0 68 16
Grh1104 = 1123 0 0 64 32
Grh1105 = 1124 0 0 64 32
Grh1106 = 1125 0 0 64 32
Grh1107 = 1126 0 0 64 32
Grh1108 = 1127 0 0 64 32
Grh1109 = 1128 0 0 64 32
Grh1110 = 1129 0 0 64 32
Grh1111 = 1130 0 0 64 32
Grh1112 = 1131 0 0 64 32
Grh1113 = 1132 0 0 64 32
Grh1114 = 1133 0 0 68 16
Grh1115 = 1134 0 0 64 32
Grh1116 = 1135 0 0 64 32
Grh1117 = 1136 0 0 128 64
Grh1118 = 1137 0 0 128 64
Grh1119 = 1138 0 0 128 64
Grh1120 = 1139 0 0 128 64
Grh1121 = 1140 0 0 128 64
Grh1122 = 1141 0 0 64 128
Grh1123 = 1142 0 0 128 64
Grh1124 = 1143 0 0 32 32
Grh1125 = 1144 0 0 68 16
Grh1126 = 1145 0 0 32 32
Grh1127 = 1146 0 0 256 256
Grh1128 = 1147 0 0 128 128
Grh1129 = 1148 0 0 32 32
Grh1130 = 1149 0 0 256 256
Grh1131 = 1150 0 0 256 256
Grh1132 = 1151 0 0 256 256
Grh1133 = 1152 0 0 256 256
Grh1134 = 1153 0 0 128 128
Grh1135 = 1154 0 0 160 64
Grh1136 = 1155 0 0 68 16
Grh1137 = 1156 0 0 160 64
Grh1138 = 1157 0 0 160 64
Grh1139 = 1158 0 0 64 64
Grh1140 = 1159 0 0 64 32
Grh1141 = 1160 0 0 64 96
Grh1142 = 1161 0 0 96 64
Grh1143 = 1162 0 0 96 64
Grh1144 = 1163 0 0 64 64
Grh1145 = 1164 0 0 32 32
Grh1146 = 1165 0 0 32 32
Grh1147 = 1166 0 0 68 16
Grh1148 = 1167 0 0 32 32
Grh1149 = 1168 0 0 32 32
Grh1150 = 1169 0 0 32 32
Grh1151 = 1170 0 0 32 32
Grh1152 = 1171 0 0 160 128
Grh1153 = 1172 0 0 351 64
Grh1154 = 1173 0 0 64 32
Grh1155 = 1174 0 0 128 64
Grh1156 = 1175 0 0 64 32
Grh1157 = 1176 0 0 64 32
Grh1158 = 1177 0 0 68 16
Grh1159 = 1178 0 0 32 32
Grh1160 = 1179 0 0 47 64
Grh1161 = 1180 0 0 209 107
Grh1162 = 1181 0 0 128 64
Grh1163 = 1182 0 0 128 64
Grh1164 = 1183 0 0 128 64
Grh1165 = 1184 0 0 32 32
Grh1166 = 1185 0 0 32 32
Grh1167 = 1186 0 0 32 32
Grh1168 = 1187 0 0 32 32
Grh1169 = 1188 0 0 68 16
Grh1170 = 1189 0 0 32 32
Grh1171 = 1190 0 0 32 32
Grh1172 = 1191 0 0 32 32
Grh1173 = 1192 0 0 32 32
Grh1174 = 1193 0 0 32 32
Grh1175 = 1194 0 0 32 32
Grh1176 = 1195 0 0 32 32
Grh1177 = 1196 0 0 32 32
Grh1178 = 1197 0 0 32 32
Grh1179 = 1198 0 0 32 32
Grh1180 = 1199 0 0 68 16
Grh1181 = 1200 0 0 32 32
Grh1182 = 1201 0 0 32 32
Grh1183 = 1202 0 0 178 272
Grh1184 = 1203 0 0 32 32
Grh1185 = 1204 0 0 32 32
Grh1186 = 1205 0 0 32 32
Grh1187 = 1206 0 0 38 38
Grh1188 = 1207 0 0 38 38
Grh1189 = 1208 0 0 38 38
Grh1190 = 1209 0 0 38 38
Grh1191 = 1210 0 0 150 180
Grh1192 = 1211 0 0 68 16
Grh1193 = 1212 0 0 38 38
Grh1194 = 1213 0 0 256 256
Grh1195 = 1214 0 0 256 256
Grh1196 = 1215 0 0 256 256
Grh1197 = 1216 0 0 256 320
Grh1198 = 1217 0 0 256 320
Grh1199 = 1218 0 0 256 320
Grh1200 = 1219 0 0 256 320
Grh1201 = 1220 0 0 282 320
Grh1202 = 1221 0 0 194 125
Grh1203 = 1222 0 0 415 143
Grh1204 = 1223 0 0 640 216
Grh1205 = 1224 0 0 38 38
Grh1206 = 1225 0 0 38 38
Grh1207 = 1226 0 0 38 38
Grh1208 = 1227 0 0 32 32
Grh1209 = 1228 0 0 32 32
Grh1210 = 1229 0 0 32 32
Grh1211 = 1230 0 0 68 16
Grh1212 = 1231 0 0 32 32
Grh1213 = 1232 0 0 512 128
Grh1214 = 1233 0 0 256 256
Grh1215 = 1234 0 0 32 32
Grh1216 = 1235 0 0 32 32
Grh1217 = 1236 0 0 32 32
Grh1218 = 1237 0 0 32 32
Grh1219 = 1238 0 0 32 32
Grh1220 = 1239 0 0 32 32
Grh1221 = 1240 0 0 32 32
Grh1222 = 1241 0 0 150 180
Grh1223 = 1242 0 0 150 180
Grh1224 = 1243 0 0 68 16
Grh1225 = 1244 0 0 150 180
Grh1226 = 1245 0 0 128 64
Grh1227 = 1246 0 0 128 64
Grh1228 = 1247 0 0 128 64
Grh1229 = 1248 0 0 128 64
Grh1230 = 1249 0 0 32 32
Grh1231 = 1250 0 0 32 32
Grh1232 = 1251 0 0 32 32
Grh1233 = 1252 0 0 32 32
Grh1234 = 1253 0 0 32 32
Grh1235 = 1254 0 0 68 16
Grh1236 = 1255 0 0 128 128
Grh1237 = 1256 0 0 32 32
Grh1238 = 1257 0 0 32 32
Grh1239 = 1258 0 0 32 32
Grh1240 = 1259 0 0 32 32
Grh1241 = 1260 0 0 32 32
Grh1242 = 1261 0 0 32 64
Grh1243 = 1262 0 0 256 320
Grh1244 = 1263 0 0 64 96
Grh1245 = 1264 0 0 96 64
Grh1246 = 1265 0 0 32 32
Grh1247 = 1266 0 0 32 32
Grh1248 = 1267 0 0 576 384
Grh1249 = 1268 0 0 576 384
Grh1250 = 1269 0 0 32 32
Grh1251 = 1270 0 0 32 32
Grh1252 = 1271 0 0 32 32
Grh1253 = 1272 0 0 150 180
Grh1254 = 1273 0 0 32 32
Grh1255 = 1274 0 0 32 32
Grh1256 = 1275 0 0 32 32
Grh1257 = 1276 0 0 150 180
Grh1258 = 1277 0 0 32 32
Grh1259 = 1278 0 0 128 128
Grh1260 = 1279 0 0 512 128
Grh1261 = 1280 0 0 512 128
Grh1262 = 1281 0 0 512 128
Grh1263 = 1282 0 0 512 128
Grh1264 = 1283 0 0 512 128
Grh1265 = 1284 0 0 512 128
Grh1266 = 1285 0 0 512 128
Grh1267 = 1286 0 0 128 128
Grh1268 = 1287 0 0 288 96
Grh1269 = 1288 0 0 194 125
Grh1270 = 1289 0 0 64 384
Grh1271 = 1290 0 0 96 96
Grh1272 = 1291 0 0 64 64
Grh1273 = 1292 0 0 64 64
Grh1274 = 1293 0 0 192 96
Grh1275 = 1294 0 0 32 32
Grh1276 = 1295 0 0 96 96
Grh1277 = 1296 0 0 96 96
Grh1278 = 1297 0 0 96 96
Grh1279 = 1298 0 0 351 64
Grh1280 = 1299 0 0 96 96
Grh1281 = 1300 0 0 96 96
Grh1282 = 1301 0 0 288 192
Grh1283 = 1302 0 0 256 64
Grh1284 = 1303 0 0 256 64
Grh1285 = 1304 0 0 256 64
Grh1286 = 1305 0 0 64 64
Grh1287 = 1306 0 0 288 192
Grh1288 = 1307 0 0 288 192
Grh1289 = 1308 0 0 204 346
Grh1290 = 1309 0 0 351 64
Grh1291 = 1310 0 0 351 64
Grh1292 = 1311 0 0 351 64
Grh1293 = 1312 0 0 32 32
Grh1294 = 1313 0 0 32 32
Grh1295 = 1314 0 0 32 32
Grh1296 = 1315 0 0 32 32
Grh1297 = 1316 0 0 150 180
Grh1298 = 1317 0 0 32 32
Grh1299 = 1318 0 0 32 32
Grh1300 = 1319 0 0 32 32
Grh1301 = 1320 0 0 32 32
Grh1302 = 1321 0 0 32 32
Grh1303 = 1322 0 0 32 32
Grh1304 = 1323 0 0 32 32
Grh1305 = 1324 0 0 32 32
Grh1306 = 1325 0 0 32 32
Grh1307 = 1326 0 0 32 32
Grh1308 = 1327 0 0 32 32
Grh1309 = 1328 0 0 32 32
Grh1310 = 1329 0 0 32 32
Grh1311 = 1330 0 0 32 32
Grh1312 = 1331 0 0 32 32
Grh1313 = 1332 0 0 32 32
Grh1314 = 1333 0 0 32 32
Grh1315 = 1334 0 0 32 32
Grh1316 = 1335 0 0 32 32
Grh1317 = 1336 0 0 32 32
Grh1318 = 1337 0 0 32 32
Grh1319 = 1338 0 0 32 70
Grh1320 = 1339 0 0 32 32
Grh1321 = 1340 0 0 32 32
Grh1322 = 1341 0 0 32 32
Grh1323 = 1342 0 0 32 32
Grh1324 = 1343 0 0 32 32
Grh1325 = 1344 0 0 32 32
Grh1326 = 1345 0 0 32 32
Grh1327 = 1346 0 0 32 32
Grh1328 = 1347 0 0 32 32
Grh1329 = 1348 0 0 32 32
Grh1330 = 1349 0 0 150 180
Grh1331 = 1350 0 0 32 32
Grh1332 = 1351 0 0 32 32
Grh1333 = 1352 0 0 32 32
Grh1334 = 1353 0 0 32 32
Grh1335 = 1354 0 0 32 32
Grh1336 = 1355 0 0 32 32
Grh1337 = 1356 0 0 32 32
Grh1338 = 1357 0 0 32 32
Grh1339 = 1358 0 0 32 32
Grh1340 = 1359 0 0 32 32
Grh1341 = 1360 0 0 150 180
Grh1342 = 1361 0 0 32 32
Grh1343 = 1362 0 0 32 32
Grh1344 = 1363 0 0 256 384
Grh1345 = 1364 0 0 256 384
Grh1346 = 1365 0 0 128 128
Grh1347 = 1366 0 0 150 180
Grh1348 = 1367 0 0 32 32
Grh1349 = 1368 0 0 150 180
Grh1350 = 1369 0 0 150 180
Grh1351 = 1370 0 0 150 180
Grh1352 = 1371 0 0 150 180
Grh1353 = 1372 0 0 150 180
Grh1354 = 1373 0 0 150 180
Grh1355 = 1374 0 0 150 180
Grh1356 = 1375 0 0 150 180
Grh1357 = 1376 0 0 150 180
Grh1358 = 1377 0 0 328 325
Grh1359 = 1378 0 0 32 32
Grh1360 = 1379 0 0 245 200
Grh1361 = 1380 0 0 245 200
Grh1362 = 1381 0 0 328 325
Grh1363 = 1382 0 0 150 180
Grh1364 = 1383 0 0 150 180
Grh1365 = 1384 0 0 150 180
Grh1366 = 1385 0 0 150 180
Grh1367 = 1386 0 0 150 180
Grh1368 = 1387 0 0 150 180
Grh1369 = 1388 0 0 150 180
Grh1370 = 1389 0 0 32 32
Grh1371 = 1390 0 0 150 180
Grh1372 = 1391 0 0 150 180
Grh1373 = 1392 0 0 150 180
Grh1374 = 1393 0 0 150 180
Grh1375 = 1394 0 0 150 180
Grh1376 = 1395 0 0 150 180
Grh1377 = 1396 0 0 150 180
Grh1378 = 1397 0 0 150 180
Grh1379 = 1398 0 0 150 180
Grh1380 = 1399 0 0 150 180
Grh1381 = 1400 0 0 32 32
Grh1382 = 1401 0 0 150 180
Grh1383 = 1402 0 0 150 180
Grh1384 = 1403 0 0 150 180
Grh1385 = 1404 0 0 150 180
Grh1386 = 1405 0 0 150 180
Grh1387 = 1406 0 0 150 180
Grh1388 = 1407 0 0 150 181
Grh1389 = 1408 0 0 150 180
Grh1390 = 1409 0 0 150 180
Grh1391 = 1410 0 0 150 180
Grh1392 = 1411 0 0 32 32
Grh1393 = 1412 0 0 150 180
Grh1394 = 1413 0 0 150 180
Grh1395 = 1414 0 0 150 180
Grh1396 = 1415 0 0 150 180
Grh1397 = 1416 0 0 150 180
Grh1398 = 1417 0 0 150 180
Grh1399 = 1418 0 0 150 180
Grh1400 = 1419 0 0 150 180
Grh1401 = 1420 0 0 150 180
Grh1402 = 1421 0 0 150 180
Grh1403 = 1422 0 0 32 32
Grh1404 = 1423 0 0 150 180
Grh1405 = 1424 0 0 150 180
Grh1406 = 1425 0 0 150 180
Grh1407 = 1426 0 0 150 180
Grh1408 = 1427 0 0 150 180
Grh1409 = 1428 0 0 1120 680
Grh1410 = 1429 0 0 1120 680
Grh1411 = 1430 0 0 1120 680
Grh1412 = 1431 0 0 150 180
Grh1413 = 1432 0 0 150 180
Grh1414 = 1433 0 0 32 32
Grh1415 = 1434 0 0 150 180
Grh1416 = 1435 0 0 150 180
Grh1417 = 1436 0 0 150 180
Grh1418 = 1437 0 0 32 32
Grh1419 = 1438 0 0 150 180
Grh1420 = 1439 0 0 32 32
Grh1421 = 1440 0 0 32 32
Grh1422 = 1441 0 0 32 32
Grh1423 = 1442 0 0 420 222
Grh1424 = 1443 0 0 32 32
Grh1425 = 1444 0 0 32 32
Grh1426 = 1445 0 0 33 33
Grh1427 = 1446 0 0 32 32
Grh1428 = 1447 0 0 32 32
Grh1429 = 1448 0 0 32 32
Grh1430 = 1449 0 0 32 32
Grh1431 = 1450 0 0 32 32
Grh1432 = 1451 0 0 32 32
Grh1433 = 1452 0 0 32 32
Grh1434 = 1453 0 0 32 32
Grh1435 = 1454 0 0 68 16
Grh1436 = 1455 0 0 87 128
Grh1437 = 1456 0 0 67 105
Grh1438 = 1457 0 0 297 197
Grh1439 = 1458 0 0 297 197
Grh1440 = 1459 0 0 216 208
Grh1441 = 1460 0 0 416 140
Grh1442 = 1461 0 0 539 300
Grh1443 = 1462 0 0 384 256
Grh1444 = 1463 0 0 384 256
Grh1445 = 1464 0 0 32 32
Grh1446 = 1465 0 0 384 256
Grh1447 = 1466 0 0 300 275
Grh1448 = 1467 0 0 32 32
Grh1449 = 1468 0 0 36 105
Grh1450 = 1469 0 0 128 64
Grh1451 = 1470 0 0 128 64
Grh1452 = 1471 0 0 75 123
Grh1453 = 1472 0 0 47 91
Grh1454 = 1473 0 0 62 44
Grh1455 = 1474 0 0 77 58
Grh1456 = 1475 0 0 150 180
Grh1457 = 1476 0 0 75 56
Grh1458 = 1477 0 0 78 55
Grh1459 = 1478 0 0 54 40
Grh1460 = 1479 0 0 48 41
Grh1461 = 1480 0 0 56 48
Grh1462 = 1481 0 0 64 44
Grh1463 = 1482 0 0 128 64
Grh1464 = 1483 0 0 128 64
Grh1465 = 1484 0 0 128 64
Grh1466 = 1485 0 0 128 64
Grh1467 = 1486 0 0 32 32
Grh1468 = 1487 0 0 32 32
Grh1469 = 1488 0 0 32 32
Grh1470 = 1489 0 0 32 32
Grh1471 = 1490 0 0 626 134
Grh1472 = 1491 0 0 1119 100
Grh1473 = 1492 0 0 150 180
Grh1474 = 1493 0 0 32 32
Grh1475 = 1494 0 0 150 180
Grh1476 = 1495 0 0 32 32
Grh1477 = 1496 0 0 150 180
Grh1478 = 1497 0 0 150 180
Grh1479 = 1498 0 0 32 32
Grh1480 = 1499 0 0 150 180
Grh1481 = 1500 0 0 32 32
Grh1482 = 1501 0 0 150 180
Grh1483 = 1502 0 0 32 32
Grh1484 = 1503 0 0 1119 100
Grh1485 = 1504 0 0 560 50
Grh1486 = 1505 0 0 549 50
Grh1487 = 1506 0 0 64 64
Grh1488 = 1507 0 0 256 160
Grh1489 = 1508 0 0 32 32
Grh1490 = 1509 0 0 150 180
Grh1491 = 1510 0 0 32 32
Grh1492 = 1511 0 0 150 180
Grh1493 = 1512 0 0 32 32
Grh1494 = 1513 0 0 150 180
Grh1495 = 1514 0 0 32 32
Grh1496 = 1515 0 0 150 180
Grh1497 = 1516 0 0 32 32
Grh1498 = 1517 0 0 150 180
Grh1499 = 1518 0 0 32 32
Grh1500 = 1519 0 0 150 180
Grh1501 = 1520 0 0 150 180
Grh1502 = 1521 0 0 32 32
Grh1503 = 1522 0 0 150 180
Grh1504 = 1523 0 0 32 32
Grh1505 = 1524 0 0 150 180
Grh1506 = 1525 0 0 32 32
Grh1507 = 1526 0 0 150 180
Grh1508 = 1527 0 0 32 32
Grh1509 = 1528 0 0 150 180
Grh1510 = 1529 0 0 32 32
Grh1511 = 1530 0 0 32 32
Grh1512 = 1531 0 0 150 180
Grh1513 = 1532 0 0 32 32
Grh1514 = 1533 0 0 150 180
Grh1515 = 1534 0 0 32 32
Grh1516 = 1535 0 0 150 180
Grh1517 = 1536 0 0 32 32
Grh1518 = 1537 0 0 150 180
Grh1519 = 1538 0 0 32 32
Grh1520 = 1539 0 0 150 180
Grh1521 = 1540 0 0 32 32
Grh1522 = 1541 0 0 150 180
Grh1523 = 1542 0 0 150 180
Grh1524 = 1543 0 0 32 32
Grh1525 = 1544 0 0 150 180
Grh1526 = 1545 0 0 150 180
Grh1527 = 1546 0 0 32 32
Grh1528 = 1547 0 0 150 180
Grh1529 = 1548 0 0 32 32
Grh1530 = 1549 0 0 150 180
Grh1531 = 1550 0 0 32 32
Grh1532 = 1551 0 0 32 32
Grh1533 = 1552 0 0 150 180
Grh1534 = 1553 0 0 32 32
Grh1535 = 1554 0 0 150 180
Grh1536 = 1555 0 0 32 32
Grh1537 = 1556 0 0 150 180
Grh1538 = 1557 0 0 150 180
Grh1539 = 1558 0 0 32 32
Grh1540 = 1559 0 0 150 180
Grh1541 = 1560 0 0 32 32
Grh1542 = 1561 0 0 150 180
Grh1543 = 1562 0 0 150 180
Grh1544 = 1563 0 0 32 32
Grh1545 = 1564 0 0 150 180
Grh1546 = 1565 0 0 32 32
Grh1547 = 1566 0 0 150 180
Grh1548 = 1567 0 0 32 32
Grh1549 = 1568 0 0 150 180
Grh1550 = 1569 0 0 32 32
Grh1551 = 1570 0 0 150 180
Grh1552 = 1571 0 0 32 32
Grh1553 = 1572 0 0 33 33
Grh1554 = 1573 0 0 60 60
Grh1555 = 1574 0 0 150 180
Grh1556 = 1575 0 0 32 32
Grh1557 = 1576 0 0 150 180
Grh1558 = 1577 0 0 32 32
Grh1559 = 1578 0 0 150 180
Grh1560 = 1579 0 0 32 32
Grh1561 = 1580 0 0 150 180
Grh1562 = 1581 0 0 32 32
Grh1563 = 1582 0 0 150 180
Grh1564 = 1583 0 0 150 180
Grh1565 = 1584 0 0 32 32
Grh1566 = 1585 0 0 150 180
Grh1567 = 1586 0 0 32 32
Grh1568 = 1587 0 0 150 180
Grh1569 = 1588 0 0 32 32
Grh1570 = 1589 0 0 150 180
Grh1571 = 1590 0 0 32 32
Grh1572 = 1591 0 0 150 180
Grh1573 = 1592 0 0 32 32
Grh1574 = 1593 0 0 150 180
Grh1575 = 1594 0 0 32 32
Grh1576 = 1595 0 0 32 32
Grh1577 = 1596 0 0 150 180
Grh1578 = 1597 0 0 32 32
Grh1579 = 1598 0 0 150 180
Grh1580 = 1599 0 0 32 32
Grh1581 = 1600 0 0 150 180
Grh1582 = 1601 0 0 32 32
Grh1583 = 1602 0 0 150 180
Grh1584 = 1603 0 0 32 32
Grh1585 = 1604 0 0 150 180
Grh1586 = 1605 0 0 150 180
Grh1587 = 1606 0 0 32 32
Grh1588 = 1607 0 0 128 32
Grh1589 = 1608 0 0 256 256
Grh1590 = 1609 0 0 256 256
Grh1591 = 1610 0 0 160 128
Grh1592 = 1611 0 0 64 64
Grh1593 = 1612 0 0 128 128
Grh1594 = 1613 0 0 128 128
Grh1595 = 1614 0 0 64 64
Grh1596 = 1615 0 0 256 224
Grh1597 = 1616 0 0 150 180
Grh1598 = 1617 0 0 128 128
Grh1599 = 1618 0 0 128 128
Grh1600 = 1619 0 0 128 128
Grh1601 = 1620 0 0 128 128
Grh1602 = 1621 0 0 128 128
Grh1603 = 1622 0 0 128 128
Grh1604 = 1623 0 0 128 128
Grh1605 = 1624 0 0 128 128
Grh1606 = 1625 0 0 128 128
Grh1607 = 1626 0 0 128 128
Grh1608 = 1627 0 0 32 32
Grh1609 = 1628 0 0 128 128
Grh1610 = 1629 0 0 128 128
Grh1611 = 1630 0 0 128 128
Grh1612 = 1631 0 0 128 128
Grh1613 = 1632 0 0 150 180
Grh1614 = 1633 0 0 64 64
Grh1615 = 1634 0 0 64 64
Grh1616 = 1635 0 0 64 64
Grh1617 = 1636 0 0 64 64
Grh1618 = 1637 0 0 64 64
Grh1619 = 1638 0 0 64 64
Grh1620 = 1639 0 0 64 64
Grh1621 = 1640 0 0 64 32
Grh1622 = 1641 0 0 64 32
Grh1623 = 1642 0 0 64 32
Grh1624 = 1643 0 0 32 32
Grh1625 = 1644 0 0 32 64
Grh1626 = 1645 0 0 32 64
Grh1627 = 1646 0 0 32 64
Grh1628 = 1647 0 0 32 64
Grh1629 = 1648 0 0 32 64
Grh1630 = 1649 0 0 32 64
Grh1631 = 1650 0 0 32 64
Grh1632 = 1651 0 0 32 64
Grh1633 = 1652 0 0 64 64
Grh1634 = 1653 0 0 64 64
Grh1635 = 1654 0 0 150 180
Grh1636 = 1655 0 0 64 64
Grh1637 = 1656 0 0 64 64
Grh1638 = 1657 0 0 64 64
Grh1639 = 1658 0 0 64 64
Grh1640 = 1659 0 0 64 64
Grh1641 = 1660 0 0 64 64
Grh1642 = 1661 0 0 32
Grh1643 = 1662 0 0 150 180
Grh1644 = 1663 0 0 150 180
Grh1645 = 1664 0 0 32 32
Grh1646 = 1665 0 0 32 32
Grh1647 = 1666 0 0 150 180
Grh1648 = 1667 0 0 128 128
Grh1649 = 1668 0 0 128 128
Grh1650 = 1669 0 0 128 128
Grh1651 = 1670 0 0 128 128
Grh1652 = 1671 0 0 128 128
Grh1653 = 1672 0 0 128 128
Grh1654 = 1673 0 0 128 128
Grh1655 = 1674 0 0 128 128
Grh1656 = 1675 0 0 128 128
Grh1657 = 1676 0 0 128 128
Grh1658 = 1677 0 0 32 32
Grh1659 = 1678 0 0 128 128
Grh1660 = 1679 0 0 128 128
Grh1661 = 1680 0 0 128 128
Grh1662 = 1681 0 0 128 128
Grh1663 = 1682 0 0 128 128
Grh1664 = 1683 0 0 128 128
Grh1665 = 1684 0 0 128 128
Grh1666 = 1685 0 0 128 128
Grh1667 = 1686 0 0 150 180
Grh1668 = 1687 0 0 32 32
Grh1669 = 1688 0 0 150 180
Grh1670 = 1689 0 0 32 32
Grh1671 = 1690 0 0 150 180
Grh1672 = 1691 0 0 32 32
Grh1673 = 1692 0 0 150 180
Grh1674 = 1693 0 0 32 32
Grh1675 = 1694 0 0 150 180
Grh1676 = 1695 0 0 150 180
Grh1677 = 1696 0 0 128 128
Grh1678 = 1697 0 0 128 128
Grh1679 = 1698 0 0 128 128
Grh1680 = 1699 0 0 128 128
Grh1681 = 1700 0 0 128 128
Grh1682 = 1701 0 0 128 128
Grh1683 = 1702 0 0 128 128
Grh1684 = 1703 0 0 128 128
Grh1685 = 1704 0 0 128 128
Grh1686 = 1705 0 0 128 128
Grh1687 = 1706 0 0 32 32
Grh1688 = 1707 0 0 128 128
Grh1689 = 1708 0 0 128 128
Grh1690 = 1709 0 0 128 128
Grh1691 = 1710 0 0 128 128
Grh1692 = 1711 0 0 128 128
Grh1693 = 1712 0 0 128 128
Grh1694 = 1713 0 0 128 128
Grh1695 = 1714 0 0 150 180
Grh1696 = 1715 0 0 32 32
Grh1697 = 1716 0 0 150 180
Grh1698 = 1717 0 0 32
Grh1699 = 1718 0 0 150 180
Grh1700 = 1719 0 0 32 32
Grh1701 = 1720 0 0 150 180
Grh1702 = 1721 0 0 32 32
Grh1703 = 1722 0 0 32 32
Grh1704 = 1723 0 0 150 180
Grh1705 = 1724 0 0 32 32
Grh1706 = 1725 0 0 150 180
Grh1707 = 1726 0 0 32 32
Grh1708 = 1727 0 0 150 180
Grh1709 = 1728 0 0 32 32
Grh1710 = 1729 0 0 150 180
Grh1711 = 1730 0 0 32
Grh1712 = 1731 0 0 150 181
Grh1713 = 1732 0 0 32 32
Grh1714 = 1733 0 0 150 180
Grh1715 = 1734 0 0 150 180
Grh1716 = 1735 0 0 32 32
Grh1717 = 1736 0 0 150 180
Grh1718 = 1737 0 0 32 32
Grh1719 = 1738 0 0 150 180
Grh1720 = 1739 0 0 32 32
Grh1721 = 1740 0 0 150 180
Grh1722 = 1741 0 0 32 32
Grh1723 = 1742 0 0 150 180
Grh1724 = 1743 0 0 32 32